2473023426313
91470554662917
78279814887925
66772734868262
26235041826921
88088228468535
33707911534053
5630756117809
32213429329979
99222503147771
46527211370872
57810940697962
59279031583898
56536154183337
92962248420610
48882370301193
39051130442434
56642042004903
86311092651247
11175610071046
68440747862065
26622849141228
46688560594494
31113269642455
72933574291766
54817833267788
61057936940253
69219183608094
48429505661503
34670580733487
58613977019609
92950110322829
29854794073159
214119742160
30087462748553
39898976402090
54478815701790
95977798306706
27149437945330
42812123208937
30417544072389
36129908345997
20307670045677
736635966018
70631588881059
96751794929946
55548380806927
48343879905216
17814938524840
49402788197281
22588523730953
29913479760771
43262124384354
85325508063861
29202465485506
23919083186884
21186903515339
39684228841989
31804991957543
29099730695443
41923230521729
72069292822482
79661367699771
54794663652824
86305687343142
75097981197141
68852989651762
20399499585729
50567868092644
66719200155139
99597471894870
83162240576086
17405680687526
34912045767953
51389912706798
74938012025011
16135554179538
21763940758284
54297536445119
21391296629383
35366725988003
28258497006889
4598721183639
84134825891799
33877871136714
14671468051949
89160457409677
67334977467797
57736344704802
94987931587123
12275780167277
62682666771004
91604573180846
88621228132775
80653932229931
52001060408551
5762568663214
29021013307094
90101291365453
19967712652173
30913218388145
73334610306836
38100406714526
69077997648117
23407117714743
73384996095717
92052764525771
88625715060307
29825284951421
38880049452583
65871399556624
99847682358870
4354208874251
46208679334360
71361432616136
89722961027942
64796944655956
79120440956817
3509991617917
44611305550898
61516134818411
79404235052853
53412821370310
30013038186278
46385330388367
22074915052682
4046959122418
66524376744796
47085244560182
98645713095195
56515425535497
68408073005023
44837291296709
88950779167265
39693987274650
7783027099133
49436477537852
6554690268921
40151800700981
95472868141024
98515158873962
59070336239116
32546026788224
60512848958373
96623507193738
19031243743497
27312624233405
42782413605997
76134913109011
317708262282
83060653924216
70559880989093
20318800886392
29312517102071
71845339336447
97081063250597
93753626549362
56128416469525
16866788116047
80292093526927
31702294901017
64399518819374
83896376259902
39568360016150
97582725337626
80723510829064
51345206200830
98350361497936
33796660172072
22947709288143
74784726855032
17556233043522
84719423066668
9843393274286
37614114882351
92493206333471
74349131037792
11455629993416
74516783990478
14087176530204
12805091031377
60599194042207
92818873886377
93998632473534
68407337773355
61354159874409
1362465005418
96082800114642
97467882002312
42578584529927
12339517520967
29788496765520
38406186387568
64196355857163
64478328239877
24322834763085
75265220970641
29582848386745
45005195621804
76919070029813
43176513132767
19410881027296
96258559071118
89514139990321
18470417703089
60332840617672
97224450642729
72670009721398
39625200653491
56986258301524
50990475083332
47877182792036
28487248319355
96815015868820
74239311950246
14845239272696
30503533200737
27287849544426
32814850833575
80637321360615
24068131365990
60276939650419
76543663065532
2333485082391
79264207655056
53748806205735
47765258136913
69805330498309
20461188947338
83002482828325
81562337807904
73297046615920
7724006480072
2604897214669
20116517741783
71000951481880
92232221636698
62561718302658
44843565958443
8792057841048
10092633698274
11407769402146
38809756800995
23768069339782
46858462473766
23831376539529
45323289863710
74553548213587
93214497810077
34124525797358
26940486903126
67704417972790
26651313631985
21130587406529
8545006986421
55882441691456
26561364984553
403553844419
37135649277927
94217938251156
26344637171030
5904328734738
98860186503624
67296026987924
52557366659444
57589851378751
57350251978263
10772747787895
44426035308404
76813440748702
97937561425980
66652161343354
2256161028728
43610082306041
67299438213441
16079191293646
38758163531752
36769799306043
36539865381378
41322765861387
31511080569160
51758218699893
55253195693836
21483065538318
62343051751380
80161186107349
58394135602607
15445203772407
62882399193744
9303140801148
88312549727895
26871180717565
81156951727063
26893485571267
450799073856
92684249667577
10398839946132
6975432681009
63997170278602
23420080479266
97655244779877
51391496483681
37132878179398
80960110358631
31393472169546
70609756680820
95370708564953
90166042901498
97564670336411
52673136754882
57826791592457
16157139572848
41592673111251
6878838285362
73117486349447
56324204415877
80063830603485
70608233370114
70403972860138
72956559269087
26531392166110
12085067632610
20754332117649
13006421161128
37505557239722
16123699088105
69399181413019
50057849126706
30354329411266
22304076300832
49655162104757
25326953689179
65856646203641
88373634592802
79270509779318
13815513211385
96996382012530
59508889124927
92835340148245
61546880763696
68568590889164
10353382066899
85507348403531
52224424089377
38576251839110
51681159415130
17898659675742
96996840892173
39653774119333
98738136596719
86702465451359
98231197345003
6178159841510
52487660238065
62408939116514
11793235853651
11182188752374
93872649759079
81760298190775
22844615837978
19070618017430
34545533713851
6935492864574
37135584208614
93670622519070
18008011973624
53623135858554
18847088600053
39542697161069
14631564320594
95879945726179
54697885950651
88987118421799
25342416716754
83982170544635
73593191459195
91083150868248
5359528988090
72823271461050
15286740187970
86895332063157
28913864526062
21655821273501
32896846860899
11886127997878
54497579019783
58904425986289
36443512251580
74008435332412
17273633814467
43006989020458
60554788720999
15752622908508
47380582042733
3683159045562
68239086604592
47139561013417
63864468305878
54943314509286
16975378213595
23573342882781
69008846433054
61498116912395
68131252332941
72010022397353
40698936341733
37289477745614
41702165199909
71314490327726
33364493440130
44819263046637
17596991745312
9281704100788
74821679660294
71141988852416
17933663674694
88936491278326
37439355429375
37855557316315
72915227671740
37471299195602
8354885840498
97406309604867
33020932390550
61488530753341
36888929099692
98174872367238
20110268060415
82760425036477
4275697890942
40146570190305
54676278678950
22738257864381
64018042136729
26022819269949
42268546482822
57121118445950
18801337097344
34230049878133
11366130142163
82607950215144
81138900270295
86065904320044
70448293550889
78081875364804
33538554371069
49649176781999
61195663268032
20081435523510
18635701901465
98573992829721
36045436198830
86270825809117
7294895150660
25748534447968
12045379280219
76743300184216
17872760895291
23293290952616
6222713976541
28796758709361
41451562696693
52188111471411
79628686528569
44408972186532
45893902810943
69145357201301
32382637105072
41171307743673
91602528630960
27014989398677
13152143241752
63530437666812
38025170716299
93624329720292
51529040322292
43050055107462
82270548647167
17263554857546
87316990633619
13781950028462
46331917330248
93516127291458
43274152904884
85449735050481
54189862516863
89624564126644
17020852785933
54129113386048
31120777212354
34793263710476
96449683774931
96597156461568
91018902670771
96066215140307
89638971644755
2976622775620
66895429004782
57374587119355
10347964199570
25434217720654
18758434167763
87182565639477
28281719214463
50238886435268
25161451206518
20135635480018
12783604760730
40112093214099
27575236592192
98421282052809
82751342833262
83622971560090
60442825946981
7667386627004
47859054960689
23805830343975
82803050362281
80178917127540
38967505934803
62908819279594
62226605215696
22398614369570
42743715920410
53912402536127
11002242271349
87403155406638
58517861149293
29865776896118
6045742045436
55404224878377
98424918559387
3104193993290
70688682020348
81097397010891
95123832643665
25426226019941
88611195898476
2593812759499
12128699693141
80581210681673
32836095405842
85969095486782
13759265347305
29119302162037
940901477894
75399216287374
25154856708788
50357127140350
31378054927885
37833544286630
14910745757651
36636342571703
73350054309893
52817408374013
79328868441890
65669526498420
43236547994189
42817011099645
92189515430429
93165873069862
73578589607051
21197231587580
61041871701924
16504788737767
42751618708718
47194020409119
40391993603728
16501876739127
10669534463300
34361176749107
87333112055412
84091552497717
28004360353445
78545779753220
27819730717474
74294421908241
63222238055654
62862072886990
87476152975935
1668550205062
97362570778584
44953588874597
55413996184175
47942617836803
14163632431603
67291169324091
13276325328474
84930290894950
23269242848879
37090335285901
59659369215976
50010618881285
18027008623187
59189120521709
87078316045036
45615570936195
94068145843836
46935363112004
65808690745679
75130237613662
67280673277602
25799753774646
11678242548813
10364875428943
56526095026993
46910571646782
69393111645225
30847794146208
74407174093501
98591220080184
38717971329328
55608227629282
17209525853573
86316534365572
42840532414178
88412801035486
84099506167524
41010158042819
2619730059378
24709585875727
35695447675385
20219983234859
53281722466502
15306601106001
18047258116847
40868589062177
78779016692477
29413826446440
6884881345122
74059536657541
65323926452152
57246680012652
25013701815834
69665774914763
11801926515678
43631339094020
39597646567101
1070108208508
54042792438817
59946289593678
91135812802486
37282703623459
32774932175211
66693977148383
12511236786250
13892165508098
93298042439414
46529419391115
74304137668500
10964201523458
26996320138196
51724291630098
33424609729065
59917486872746
160712231033
45700040414947
84247734127090
14595363974280
40534627113285
42150388515265
27029737726431
55281817317727
89361496631494
28964485594431
4870698017932
56165650803763
49974773006190
78407713448397
39895159977892
81797574971715
37490548895925
28772262291169
53669511086014
81836058560053
76024033502967
31247196650240
11089755144938
58336461406005
46810724229695
68680025022162
5622509574792
85498383834095
67618600480390
55954345750003
78387936192533
10321395012314
23787385258556
85229542747032
68114131463525
33891118274666
2202406480489
75437561829225
67526795943818
58189068116460
72649048463797
81302685517994
44365961076084
76668048742887
20715487705987
13538267361808
37519694465790
90131034341921
64312647393954
16602694267825
28486843496741
62349461259409
55247389094698
1426714309118
26921692810107
34796367382370
97711569517012
38409910707385
12659218413700
92358326765903
6189781304609
36587898252224
87609739757420
79300315795261
64280944237139
31269397616719
63062756868013
56102988693114
81667889223158
97901144459998
10063981637614
49836534149841
63966642278371
53291228561704
20958988049067
67143052939619
48835970886608
63350312964553
95286614019725
48279396202145
32878488848334
55775636651464
73849728361469
63670084978618
20080320216133
69688816801267
13305852946456
33651410959350
82728679714634
69623642519154
65364513282044
52799995761699
58891805050167
72507758044106
18500297791771
33835976443655
53855269752160
39807286073819
39429513705154
86877087380234
34394775711959
19146762560181
93313694883181
50115392395481
49336533441466
25532038111626
12244499815889
51792084845095
93449702751753
52893112671588
43506270461622
76500432721200
45937476559846
5793451451177
2739777651389
46940112242053
55742472551020
36677946339972
92588358641604
89786962153666
18220378782177
52157667397307
94922471189316
24281201573526
87016316810307
47871884066807
41137467947308
1744426424068
5182011910539
70690520671489
92147530624503
45810774918361
5275585013358
72260893662973
87918558997063
72735742855653
99674673143607
74434855284611
2436008705194
75599700680208
30199165831822
72296354512518
49323693276424
29325266862652
50986906027045
72273964105071
67014044436890
49148221979990
17519774428385
86741313675673
26554657294375
76107017676694
44129410705762
29712096806356
93952218607114
13756167531294
36817233523303
96033186688415
71437036776917
45165961641992
92830442136656
71029812922020
78069043210267
20288057525744
65095114960707
78385433850953
17784091139254
11979449558903
63406362337531
58620033180092
48133924760210
84112673050800
73908765699385
57701279139298
93546949580872
30188990994781
13899312737283
34018908750191
38659594194436
55291386595240
10792621049262
18969836355978
26512046047271
55907610921908
9337249585608
63527361088595
46737075318675
84661915147193
59176295609967
13813970625516
48113577618307
54172689327050
86353595110742
66548868463666
49848890352281
43258923522967
65959288172566
98471935467015
40743575186186
19407042522088
28730121183039
68267704174787
4119637360950
94323957717020
52368082482834
48751381567590
8461795978094
13259350611983
92855700977001
66786138512664
47519682122912
38062069060939
5672929785539
67993847704469
40658880024930
66322521368586
15816095972208
86094367679365
32327742245449
54490900825465
72595452171507
56230427320893
42426372439236
14864495994346
59828884092030
47191466825630
87469449611053
447431393550
15592628350728
64936547270137
67739681144593
24766499516883
68263651870503
73303069507790
54515273137613
38283006109675
63720887163214
50260171275611
67404346491314
24909052235833
96185406189679
54032001958786
76496236848157
84899274358701
9997795990999
98660357375255
84341261992955
32524393489200
68829330215845
14431686355699
64031545860717
78522862162034
13003362374326
35119893894135
84270962896818
3196043669031
47300408055018
14416079790662
55060325848726
34185865030278
74411959718632
39628095636119
80495923053275
8457597287189
70294761690860
18092853796384
79971093809066
3339800047497
43647895747505
72071136403473
40604517745760
93467341451429
51164668025137
15581335171353
42909364233392
89356231078053
4016089814539
85564824937656
790334663569
20309075320229
18645737853075
79256054305650
69949467000375
30272697234225
41096418338782
9283273630331
47585456001994
75664132776384
72379936251365
25401517535103
74713240180717
55491436173844
47644548798808
7002299599203
58809237552200
63955562373146
39531368221028
41543639487300
66656608863486
61670986956171
17407265389146
86863154686448
86297940074956
57295935284379
20676576935785
62306988214966
19259500384135
72224315702418
82297057872476
2281088186130
23863856325375
77606827268730
3391422524521
60674560079221
9893269302736
99550259496228
17050862887988
57830219370966
93158735453500
72031526349891
69521925833000
42701208679913
18659133868483
58663294998710
90729253213022
51344877996049
89564703262238
52714526297807
18090946479584
61072103736840
80942814717507
96211989717487
25152061345635
94177462985236
7733229849952
97145793735832
85905950163135
87692091487437
72136611464534
58784085578865
37593092004456
71782204713143
88013419415487
2966986514930
36103913933579
